Session,Hand,Bankroll,Change
1,1,990.00,-10.00
1,2,980.00,-10.00
1,3,990.00,+10.00
1,4,980.00,-10.00
1,5,970.00,-10.00
1,6,960.00,-10.00
1,7,950.00,-10.00
1,8,940.00,-10.00
1,9,950.00,+10.00
1,10,930.00,-20.00
1,11,925.00,-5.00
1,12,940.00,+15.00
1,13,950.00,+10.00
1,14,960.00,+10.00
1,15,970.00,+10.00
1,16,970.00,+0.00
1,17,940.00,-30.00
1,18,950.00,+10.00
1,19,950.00,+0.00
1,20,965.00,+15.00
1,21,965.00,+0.00
1,22,955.00,-10.00
1,23,975.00,+20.00
1,24,975.00,+0.00
1,25,975.00,+0.00
1,26,955.00,-20.00
1,27,945.00,-10.00
1,28,955.00,+10.00
1,29,945.00,-10.00
1,30,955.00,+10.00
1,31,945.00,-10.00
1,32,935.00,-10.00
1,33,925.00,-10.00
1,34,905.00,-20.00
1,35,895.00,-10.00
1,36,885.00,-10.00
1,37,855.00,-30.00
1,38,865.00,+10.00
1,39,865.00,+0.00
1,40,875.00,+10.00
1,41,865.00,-10.00
1,42,875.00,+10.00
1,43,885.00,+10.00
1,44,875.00,-10.00
1,45,865.00,-10.00
1,46,875.00,+10.00
1,47,865.00,-10.00
1,48,855.00,-10.00
1,49,865.00,+10.00
1,50,875.00,+10.00
1,51,870.00,-5.00
1,52,860.00,-10.00
1,53,880.00,+20.00
1,54,870.00,-10.00
1,55,880.00,+10.00
1,56,900.00,+20.00
1,57,910.00,+10.00
1,58,890.00,-20.00
1,59,910.00,+20.00
1,60,920.00,+10.00
1,61,910.00,-10.00
1,62,920.00,+10.00
1,63,910.00,-10.00
1,64,900.00,-10.00
1,65,890.00,-10.00
1,66,905.00,+15.00
1,67,925.00,+20.00
1,68,935.00,+10.00
1,69,925.00,-10.00
1,70,940.00,+15.00
1,71,950.00,+10.00
1,72,960.00,+10.00
1,73,970.00,+10.00
1,74,960.00,-10.00
1,75,970.00,+10.00
1,76,960.00,-10.00
1,77,975.00,+15.00
1,78,985.00,+10.00
1,79,995.00,+10.00
1,80,995.00,+0.00
1,81,985.00,-10.00
1,82,975.00,-10.00
1,83,990.00,+15.00
1,84,1005.00,+15.00
1,85,995.00,-10.00
1,86,1005.00,+10.00
1,87,985.00,-20.00
1,88,995.00,+10.00
1,89,1005.00,+10.00
1,90,995.00,-10.00
1,91,985.00,-10.00
1,92,975.00,-10.00
1,93,995.00,+20.00
1,94,1005.00,+10.00
1,95,1015.00,+10.00
1,96,1015.00,+0.00
1,97,1025.00,+10.00
1,98,1035.00,+10.00
1,99,1030.00,-5.00
1,100,1040.00,+10.00
2,1,1010.00,+10.00
2,2,1020.00,+10.00
2,3,1035.00,+15.00
2,4,1045.00,+10.00
2,5,1035.00,-10.00
2,6,1025.00,-10.00
2,7,1045.00,+20.00
2,8,1040.00,-5.00
2,9,1030.00,-10.00
2,10,1040.00,+10.00
2,11,1020.00,-20.00
2,12,1020.00,+0.00
2,13,1010.00,-10.00
2,14,1030.00,+20.00
2,15,1020.00,-10.00
2,16,1020.00,+0.00
2,17,1020.00,+0.00
2,18,1015.00,-5.00
2,19,1005.00,-10.00
2,20,995.00,-10.00
2,21,995.00,+0.00
2,22,985.00,-10.00
2,23,975.00,-10.00
2,24,965.00,-10.00
2,25,955.00,-10.00
2,26,945.00,-10.00
2,27,955.00,+10.00
2,28,965.00,+10.00
2,29,975.00,+10.00
2,30,975.00,+0.00
2,31,985.00,+10.00
2,32,1000.00,+15.00
2,33,990.00,-10.00
2,34,985.00,-5.00
2,35,995.00,+10.00
2,36,985.00,-10.00
2,37,985.00,+0.00
2,38,975.00,-10.00
2,39,965.00,-10.00
2,40,975.00,+10.00
2,41,965.00,-10.00
2,42,955.00,-10.00
2,43,955.00,+0.00
2,44,945.00,-10.00
2,45,955.00,+10.00
2,46,945.00,-10.00
2,47,955.00,+10.00
2,48,965.00,+10.00
2,49,975.00,+10.00
2,50,965.00,-10.00
2,51,985.00,+20.00
2,52,975.00,-10.00
2,53,985.00,+10.00
2,54,965.00,-20.00
2,55,945.00,-20.00
2,56,935.00,-10.00
2,57,935.00,+0.00
2,58,925.00,-10.00
2,59,925.00,+0.00
2,60,915.00,-10.00
2,61,905.00,-10.00
2,62,895.00,-10.00
2,63,885.00,-10.00
2,64,895.00,+10.00
2,65,885.00,-10.00
2,66,895.00,+10.00
2,67,905.00,+10.00
2,68,925.00,+20.00
2,69,915.00,-10.00
2,70,905.00,-10.00
2,71,915.00,+10.00
2,72,905.00,-10.00
2,73,895.00,-10.00
2,74,885.00,-10.00
2,75,875.00,-10.00
2,76,875.00,+0.00
2,77,865.00,-10.00
2,78,855.00,-10.00
2,79,855.00,+0.00
2,80,870.00,+15.00
2,81,880.00,+10.00
2,82,890.00,+10.00
2,83,880.00,-10.00
2,84,890.00,+10.00
2,85,900.00,+10.00
2,86,910.00,+10.00
2,87,930.00,+20.00
2,88,940.00,+10.00
2,89,950.00,+10.00
2,90,940.00,-10.00
2,91,930.00,-10.00
2,92,920.00,-10.00
2,93,910.00,-10.00
2,94,930.00,+20.00
2,95,940.00,+10.00
2,96,950.00,+10.00
2,97,940.00,-10.00
2,98,950.00,+10.00
2,99,940.00,-10.00
2,100,950.00,+10.00
3,1,1010.00,+10.00
3,2,1000.00,-10.00
3,3,990.00,-10.00
3,4,980.00,-10.00
3,5,990.00,+10.00
3,6,980.00,-10.00
3,7,970.00,-10.00
3,8,970.00,+0.00
3,9,980.00,+10.00
3,10,990.00,+10.00
3,11,980.00,-10.00
3,12,970.00,-10.00
3,13,980.00,+10.00
3,14,970.00,-10.00
3,15,980.00,+10.00
3,16,1000.00,+20.00
3,17,990.00,-10.00
3,18,1000.00,+10.00
3,19,980.00,-20.00
3,20,1000.00,+20.00
3,21,990.00,-10.00
3,22,1000.00,+10.00
3,23,1010.00,+10.00
3,24,1030.00,+20.00
3,25,1020.00,-10.00
3,26,1020.00,+0.00
3,27,1030.00,+10.00
3,28,1020.00,-10.00
3,29,1030.00,+10.00
3,30,1010.00,-20.00
3,31,1020.00,+10.00
3,32,1010.00,-10.00
3,33,1000.00,-10.00
3,34,995.00,-5.00
3,35,1005.00,+10.00
3,36,995.00,-10.00
3,37,1015.00,+20.00
3,38,1005.00,-10.00
3,39,1015.00,+10.00
3,40,1035.00,+20.00
3,41,1055.00,+20.00
3,42,1045.00,-10.00
3,43,1055.00,+10.00
3,44,1050.00,-5.00
3,45,1060.00,+10.00
3,46,1070.00,+10.00
3,47,1090.00,+20.00
3,48,1070.00,-20.00
3,49,1060.00,-10.00
3,50,1075.00,+15.00
3,51,1065.00,-10.00
3,52,1055.00,-10.00
3,53,1045.00,-10.00
3,54,1035.00,-10.00
3,55,1055.00,+20.00
3,56,1045.00,-10.00
3,57,1035.00,-10.00
3,58,1025.00,-10.00
3,59,1015.00,-10.00
3,60,1025.00,+10.00
3,61,1015.00,-10.00
3,62,1015.00,+0.00
3,63,1025.00,+10.00
3,64,1035.00,+10.00
3,65,1035.00,+0.00
3,66,1055.00,+20.00
3,67,1065.00,+10.00
3,68,1055.00,-10.00
3,69,1065.00,+10.00
3,70,1055.00,-10.00
3,71,1065.00,+10.00
3,72,1075.00,+10.00
3,73,1085.00,+10.00
3,74,1075.00,-10.00
3,75,1065.00,-10.00
3,76,1055.00,-10.00
3,77,1055.00,+0.00
3,78,1065.00,+10.00
3,79,1045.00,-20.00
3,80,1035.00,-10.00
3,81,1025.00,-10.00
3,82,1040.00,+15.00
3,83,1030.00,-10.00
3,84,1020.00,-10.00
3,85,1010.00,-10.00
3,86,1020.00,+10.00
3,87,1010.00,-10.00
3,88,1000.00,-10.00
3,89,990.00,-10.00
3,90,1010.00,+20.00
3,91,1005.00,-5.00
3,92,995.00,-10.00
3,93,990.00,-5.00
3,94,1000.00,+10.00
3,95,990.00,-10.00
3,96,980.00,-10.00
3,97,970.00,-10.00
3,98,960.00,-10.00
3,99,975.00,+15.00
3,100,970.00,-5.00
4,1,1015.00,+15.00
4,2,1005.00,-10.00
4,3,1025.00,+20.00
4,4,1015.00,-10.00
4,5,1035.00,+20.00
4,6,1045.00,+10.00
4,7,1035.00,-10.00
4,8,1045.00,+10.00
4,9,1055.00,+10.00
4,10,1055.00,+0.00
4,11,1045.00,-10.00
4,12,1035.00,-10.00
4,13,1025.00,-10.00
4,14,1035.00,+10.00
4,15,1045.00,+10.00
4,16,1055.00,+10.00
4,17,1065.00,+10.00
4,18,1055.00,-10.00
4,19,1065.00,+10.00
4,20,1065.00,+0.00
4,21,1080.00,+15.00
4,22,1090.00,+10.00
4,23,1080.00,-10.00
4,24,1090.00,+10.00
4,25,1080.00,-10.00
4,26,1070.00,-10.00
4,27,1080.00,+10.00
4,28,1080.00,+0.00
4,29,1070.00,-10.00
4,30,1060.00,-10.00
4,31,1050.00,-10.00
4,32,1040.00,-10.00
4,33,1030.00,-10.00
4,34,1025.00,-5.00
4,35,1035.00,+10.00
4,36,1015.00,-20.00
4,37,1005.00,-10.00
4,38,1015.00,+10.00
4,39,1015.00,+0.00
4,40,1035.00,+20.00
4,41,1025.00,-10.00
4,42,1025.00,+0.00
4,43,1025.00,+0.00
4,44,1035.00,+10.00
4,45,1045.00,+10.00
4,46,1055.00,+10.00
4,47,1045.00,-10.00
4,48,1045.00,+0.00
4,49,1035.00,-10.00
4,50,1025.00,-10.00
4,51,1005.00,-20.00
4,52,1015.00,+10.00
4,53,1025.00,+10.00
4,54,1020.00,-5.00
4,55,1030.00,+10.00
4,56,1050.00,+20.00
4,57,1050.00,+0.00
4,58,1040.00,-10.00
4,59,1040.00,+0.00
4,60,1050.00,+10.00
4,61,1060.00,+10.00
4,62,1070.00,+10.00
4,63,1080.00,+10.00
4,64,1090.00,+10.00
4,65,1100.00,+10.00
4,66,1120.00,+20.00
4,67,1130.00,+10.00
4,68,1140.00,+10.00
4,69,1150.00,+10.00
4,70,1140.00,-10.00
4,71,1155.00,+15.00
4,72,1145.00,-10.00
4,73,1125.00,-20.00
4,74,1115.00,-10.00
4,75,1115.00,+0.00
4,76,1130.00,+15.00
4,77,1125.00,-5.00
4,78,1145.00,+20.00
4,79,1155.00,+10.00
4,80,1145.00,-10.00
4,81,1135.00,-10.00
4,82,1125.00,-10.00
4,83,1125.00,+0.00
4,84,1115.00,-10.00
4,85,1105.00,-10.00
4,86,1095.00,-10.00
4,87,1105.00,+10.00
4,88,1095.00,-10.00
4,89,1085.00,-10.00
4,90,1075.00,-10.00
4,91,1075.00,+0.00
4,92,1085.00,+10.00
4,93,1095.00,+10.00
4,94,1095.00,+0.00
4,95,1090.00,-5.00
4,96,1080.00,-10.00
4,97,1090.00,+10.00
4,98,1080.00,-10.00
4,99,1070.00,-10.00
4,100,1060.00,-10.00
5,1,995.00,-5.00
5,2,1005.00,+10.00
5,3,1000.00,-5.00
5,4,1010.00,+10.00
5,5,1000.00,-10.00
5,6,1000.00,+0.00
5,7,990.00,-10.00
5,8,1000.00,+10.00
5,9,1010.00,+10.00
5,10,1000.00,-10.00
5,11,980.00,-20.00
5,12,960.00,-20.00
5,13,950.00,-10.00
5,14,960.00,+10.00
5,15,950.00,-10.00
5,16,960.00,+10.00
5,17,970.00,+10.00
5,18,960.00,-10.00
5,19,940.00,-20.00
5,20,950.00,+10.00
5,21,970.00,+20.00
5,22,970.00,+0.00
5,23,960.00,-10.00
5,24,940.00,-20.00
5,25,930.00,-10.00
5,26,920.00,-10.00
5,27,940.00,+20.00
5,28,930.00,-10.00
5,29,945.00,+15.00
5,30,955.00,+10.00
5,31,970.00,+15.00
5,32,985.00,+15.00
5,33,975.00,-10.00
5,34,965.00,-10.00
5,35,955.00,-10.00
5,36,945.00,-10.00
5,37,955.00,+10.00
5,38,945.00,-10.00
5,39,955.00,+10.00
5,40,945.00,-10.00
5,41,960.00,+15.00
5,42,950.00,-10.00
5,43,940.00,-10.00
5,44,950.00,+10.00
5,45,960.00,+10.00
5,46,970.00,+10.00
5,47,960.00,-10.00
5,48,950.00,-10.00
5,49,940.00,-10.00
5,50,950.00,+10.00
5,51,960.00,+10.00
5,52,950.00,-10.00
5,53,940.00,-10.00
5,54,935.00,-5.00
5,55,955.00,+20.00
5,56,945.00,-10.00
5,57,955.00,+10.00
5,58,965.00,+10.00
5,59,960.00,-5.00
5,60,950.00,-10.00
5,61,965.00,+15.00
5,62,955.00,-10.00
5,63,965.00,+10.00
5,64,955.00,-10.00
5,65,945.00,-10.00
5,66,935.00,-10.00
5,67,945.00,+10.00
5,68,955.00,+10.00
5,69,965.00,+10.00
5,70,960.00,-5.00
5,71,970.00,+10.00
5,72,965.00,-5.00
5,73,975.00,+10.00
5,74,965.00,-10.00
5,75,975.00,+10.00
5,76,965.00,-10.00
5,77,960.00,-5.00
5,78,970.00,+10.00
5,79,990.00,+20.00
5,80,1010.00,+20.00
5,81,1020.00,+10.00
5,82,1040.00,+20.00
5,83,1030.00,-10.00
5,84,1020.00,-10.00
5,85,1010.00,-10.00
5,86,990.00,-20.00
5,87,980.00,-10.00
5,88,970.00,-10.00
5,89,980.00,+10.00
5,90,980.00,+0.00
5,91,990.00,+10.00
5,92,1000.00,+10.00
5,93,990.00,-10.00
5,94,980.00,-10.00
5,95,975.00,-5.00
5,96,965.00,-10.00
5,97,955.00,-10.00
5,98,965.00,+10.00
5,99,955.00,-10.00
5,100,955.00,+0.00
